0.083971 -0.000006 -0.000074
0.134710 0.001822 0.018859
0.185900 0.004654 0.035591
0.237341 0.004934 0.020799
0.288948 0.005337 0.015997
0.340949 0.004884 0.021957
0.391127 0.001770 0.028150
0.450463 -0.002384 0.034386
0.501486 -0.006181 0.041267
0.516996 0.003058 0.234102
0.553667 0.011530 0.425489
0.573326 0.022292 0.624502
0.577075 0.034131 0.825692
0.579486 0.045470 1.024354
0.561875 0.053143 1.236167
0.545277 0.053871 1.421828
0.540975 0.055472 1.609110
0.537784 0.046814 1.793755
0.522992 0.020698 1.992730
0.519658 0.016697 2.201423
0.527126 0.007607 2.404946
0.541687 -0.011378 2.633208
0.559975 -0.041306 2.866537
0.561879 -0.065095 3.080855
0.551846 -0.070963 -3.129333
0.504319 -0.092452 -3.008569
0.452943 -0.100608 -3.029355
0.398336 -0.103242 -3.089558
0.355894 -0.100258 3.136031
0.303828 -0.098347 3.067341
0.245498 -0.089598 3.001659
0.192141 -0.075055 2.940656
0.142341 -0.051516 2.878917
0.099433 -0.019410 2.774534
0.055820 0.010487 2.663603
0.016893 0.046216 2.546541
-0.018139 0.090934 2.404280
-0.030140 0.134457 2.207148
-0.019189 0.152395 1.993925
-0.012126 0.176394 1.805096
0.009375 0.174001 1.602541
0.018390 0.178539 1.427337
0.038912 0.169042 1.207264
0.044850 0.148694 1.017669
0.049215 0.130802 0.837998
0.050701 0.118156 0.634386
0.050193 0.085002 0.458157
0.054561 0.068153 0.282435
0.047994 0.042625 0.099632
0.029999 0.018235 -0.097439
0.007853 0.004737 -0.277862
0.056009 -0.019968 -0.323101
0.111942 -0.039909 -0.312016
0.166208 -0.054057 -0.292566
0.217550 -0.068778 -0.279337
0.266674 -0.078870 -0.272504
0.322444 -0.096770 -0.290279
0.268845 -0.075980 -0.285445
0.214342 -0.060025 -0.279139
0.164386 -0.047372 -0.299742
0.113618 -0.033816 -0.328571
EOP
